0 520
0 567
0 678
0 745
0 803
0 837
0 855
1 486
1 503
1 554
1 712
1 769
1 803
1 814
1 822
2 532
2 566
2 588
2 638
2 692
2 712
2 745
2 803
3 486
3 532
3 566
3 574
3 638
3 648
3 712
3 745
4 532
4 566
4 574
4 588
4 638
4 648
4 692
4 712
4 745
4 822
5 496
5 531
5 566
5 638
5 648
5 712
5 734
5 745
5 797
5 812
5 814
5 837
6 439
6 496
6 500
6 531
6 566
6 610
6 638
6 648
6 692
6 745
6 770
6 803
6 814
7 503
7 531
7 566
7 638
7 641
7 648
7 692
7 745
7 770
7 814
8 496
8 531
8 566
8 648
8 692
8 812
8 814
9 567
9 595
9 745
9 814
10 486
10 531
10 566
10 638
10 648
10 692
10 837
11 566
11 638
11 648
11 692
11 745
11 770
11 837
12 500
12 566
12 583
12 594
12 637
12 638
12 648
12 692
12 712
12 745
12 769
12 814
13 496
13 638
13 642
13 648
13 692
13 745
13 814
14 468
14 500
14 507
14 510
14 531
14 532
14 552
14 566
14 611
14 732
14 745
14 769
14 803
14 837
15 471
15 496
15 503
15 532
15 574
15 594
15 597
15 678
15 692
15 743
15 745
15 769
15 770
15 773
15 796
15 803
15 837
15 857
16 448
16 471
16 486
16 500
16 566
16 574
16 594
16 642
16 676
16 687
16 690
16 692
16 769
16 857
16 858
17 486
17 496
17 500
17 503
17 531
17 745
17 803
17 837
18 486
18 496
18 500
18 503
18 692
18 773
18 803
18 857
19 471
19 496
19 532
19 838
20 496
21 532
21 566
21 771
22 532
22 566
23 566
24 566
25 595
26 469
26 486
26 496
26 510
26 532
26 558
26 574
26 594
26 595
26 692
26 803
26 837
26 857
27 471
27 472
27 475
27 486
27 496
27 503
27 591
27 595
27 645
27 664
27 672
27 717
27 787
27 803
27 816
27 837
27 849
28 439
28 502
28 532
28 588
28 595
28 692
28 732
28 745
28 769
28 787
28 837
28 838
28 853
28 857
28 858
29 496
29 500
29 527
29 595
29 623
29 700
29 745
29 773
29 803
29 837
30 486
30 496
30 500
30 502
30 531
30 532
30 651
30 692
30 732
30 745
30 769
30 773
30 834
30 837
30 858
31 461
31 496
31 507
31 606
31 662
31 738
31 817
31 857
32 773
32 855
33 500
34 837
34 857
35 461
35 507
35 606
35 611
35 662
35 738
35 803
35 817
35 857
36 496
36 595
37 496
37 574
37 743
37 770
37 803
38 477
38 486
38 496
38 503
38 539
38 595
38 618
38 687
38 690
38 806
38 827
38 837
38 838
38 857
39 486
39 837
40 595
40 618
41 496
41 648
41 692
42 448
42 454
42 469
42 486
42 500
42 502
42 512
42 530
42 534
42 574
42 594
42 595
42 637
42 648
42 649
42 692
42 711
42 712
42 732
42 769
42 770
42 803
42 816
42 834
42 837
42 838
42 857
42 858
43 448
43 466
43 496
43 532
43 595
43 711
43 753
43 803
43 837
44 466
44 496
44 532
44 595
44 711
44 753
44 803
44 837
45 448
45 466
45 496
45 595
45 711
45 753
45 803
45 837
46 496
46 858
47 773
47 790
47 803
47 857
48 500
48 595
48 690
48 773
49 460
49 471
49 532
49 857
50 486
50 500
51 500
51 823
52 464
52 486
52 496
52 500
52 531
52 595
52 619
52 669
52 678
52 712
52 731
52 745
52 769
52 770
52 816
52 858
53 462
53 486
53 496
53 521
53 554
53 557
53 568
53 594
53 618
53 669
53 690
53 692
53 711
53 712
53 721
53 745
53 764
53 769
53 770
53 803
53 812
53 816
53 827
53 848
53 857
54 496
54 566
54 629
54 669
54 670
54 770
54 795
54 797
54 798
54 857
55 486
55 496
55 566
55 594
55 669
55 670
55 712
55 769
55 797
55 857
56 466
56 468
56 471
56 486
56 496
56 500
56 503
56 531
56 532
56 552
56 558
56 574
56 588
56 591
56 595
56 610
56 707
56 712
56 732
56 745
56 748
56 773
56 778
56 796
56 803
56 833
56 837
56 846
56 849
56 857
56 860
57 482
57 496
57 594
57 648
57 692
57 760
57 769
58 496
58 554
58 770
58 837
59 532
59 620
59 687
60 448
60 500
60 532
60 554
60 594
60 734
60 803
60 837
61 595
61 753
62 595
62 753
63 496
63 500
63 503
63 512
63 532
63 594
63 595
63 692
63 711
63 745
63 753
63 769
63 837
63 849
63 858
63 867
64 503
65 594
65 692
65 837
66 837
67 496
67 532
67 692
67 712
67 803
67 858
68 462
68 692
69 732
69 760
70 769
71 753
71 837
72 515
72 803
73 486
73 496
73 500
73 532
73 552
73 610
73 618
73 637
73 672
73 676
73 678
73 745
73 770
73 803
73 837
73 858
74 486
74 496
74 532
74 566
74 584
74 595
74 694
74 773
74 825
74 837
74 857
75 471
75 500
75 526
75 531
75 595
75 610
75 648
75 654
75 690
75 692
75 769
75 773
75 787
75 807
75 837
75 840
76 460
76 649
76 837
77 462
77 468
77 471
77 486
77 496
77 510
77 531
77 566
77 574
77 595
77 606
77 611
77 636
77 638
77 662
77 732
77 769
77 770
77 837
78 486
78 532
78 574
78 606
78 636
78 687
78 769
78 857
79 486
79 532
79 687
79 769
79 803
79 857
80 500
80 507
80 595
80 646
80 690
80 692
80 770
80 837
81 471
81 484
81 496
81 500
81 503
81 595
81 606
81 687
81 692
81 751
81 837
83 471
83 557
83 587
83 692
83 711
83 770
83 811
83 857
83 858
84 486
84 496
84 745
84 837
85 486
85 496
85 503
85 711
85 745
85 837
86 471
86 484
86 486
86 496
86 532
86 566
86 638
86 685
86 697
86 711
86 769
86 853
87 496
87 751
87 837
88 486
88 500
88 503
88 527
88 532
88 589
88 594
88 692
88 712
88 721
88 753
88 762
88 769
88 770
88 837
88 853
88 860
89 460
89 484
89 496
89 500
89 503
89 512
89 532
89 537
89 587
89 594
89 637
89 651
89 660
89 769
89 770
89 804
89 827
89 832
89 858
90 496
90 503
90 692
90 743
90 753
90 770
91 496
91 503
91 743
91 745
91 753
91 770
92 446
92 448
92 496
92 595
92 669
92 678
92 719
92 745
92 764
92 773
92 803
92 837
92 857
92 858
93 440
93 479
93 486
93 496
93 515
93 532
93 574
93 595
93 600
93 692
93 721
93 764
93 769
93 816
93 837
93 858
94 459
94 486
94 496
94 595
94 618
94 733
94 745
94 773
94 803
94 837
95 451
95 460
95 471
95 486
95 496
95 500
95 643
95 648
95 670
95 682
95 692
95 745
95 769
95 770
95 796
95 837
96 486
96 492
96 496
96 502
96 503
96 531
96 532
96 539
96 566
96 587
96 594
96 637
96 669
96 678
96 692
96 697
96 712
96 745
96 753
96 769
96 773
96 803
96 837
96 857
96 858
96 868
97 471
97 487
97 496
97 503
97 521
97 532
97 554
97 556
97 594
97 650
97 700
97 733
97 743
97 745
97 759
97 769
97 798
97 837
97 849
97 857
98 451
98 471
98 475
98 486
98 495
98 496
98 503
98 521
98 527
98 531
98 566
98 567
98 594
98 595
98 606
98 687
98 692
98 712
98 743
98 751
98 753
98 764
98 769
98 770
98 792
98 803
98 812
98 827
98 837
98 838
98 857
98 858
98 868
99 440
99 448
99 451
99 464
99 468
99 471
99 473
99 474
99 484
99 486
99 496
99 500
99 503
99 532
99 538
99 552
99 558
99 594
99 603
99 611
99 619
99 627
99 629
99 648
99 686
99 687
99 697
99 721
99 764
99 803
99 833
99 837
99 838
99 849
100 486
100 503
100 532
100 587
100 692
100 769
100 773
100 803
100 849
101 486
101 496
101 500
101 503
101 521
101 532
101 566
101 567
101 594
101 648
101 694
101 712
101 721
101 745
101 770
101 773
101 803
101 812
101 837
101 849
101 857
102 486
102 496
102 532
102 566
102 660
102 690
102 712
102 773
102 812
102 858
102 867
103 486
103 532
103 553
103 732
103 745
103 837
103 858
104 471
104 486
104 489
104 520
104 532
104 558
104 595
104 610
104 629
104 649
104 692
104 697
104 706
104 712
104 732
104 745
104 751
104 759
104 760
104 768
104 769
104 773
104 796
104 803
104 804
104 807
104 808
104 812
104 827
104 837
104 861
105 471
105 486
105 500
105 521
105 532
105 558
105 594
105 769
105 770
105 803
105 858
106 486
106 496
106 595
106 651
106 692
106 769
106 837
107 594
107 803
108 594
108 803
109 496
109 503
109 532
109 594
109 751
109 803
109 837
110 440
110 453
110 466
110 471
110 486
110 496
110 500
110 503
110 527
110 529
110 530
110 531
110 561
110 564
110 565
110 573
110 594
110 595
110 601
110 610
110 620
110 621
110 635
110 645
110 648
110 651
110 657
110 658
110 660
110 662
110 669
110 670
110 683
110 684
110 690
110 696
110 697
110 698
110 708
110 712
110 722
110 735
110 770
110 773
110 774
110 790
110 798
110 803
110 833
110 837
110 838
110 855
110 858
111 456
111 463
111 465
111 486
111 496
111 500
111 503
111 532
111 552
111 558
111 567
111 618
111 648
111 651
111 670
111 672
111 678
111 699
111 703
111 712
111 721
111 753
111 764
111 769
111 787
111 812
111 816
111 837
111 858
112 532
112 537
112 564
112 594
112 595
112 620
112 664
112 672
112 689
112 690
112 722
112 745
112 803
112 816
112 851
113 437
113 440
113 448
113 471
113 486
113 500
113 521
113 532
113 594
113 618
113 636
113 672
113 704
113 706
113 721
113 732
113 745
113 764
113 787
113 792
113 820
113 837
114 532
114 595
114 662
114 669
114 670
114 672
114 703
114 769
114 770
114 778
114 787
114 816
114 837
115 532
115 595
115 662
115 721
115 769
115 770
115 803
116 466
116 471
116 472
116 486
116 489
116 496
116 502
116 521
116 531
116 532
116 541
116 554
116 567
116 594
116 615
116 637
116 648
116 669
116 672
116 676
116 678
116 687
116 692
116 693
116 697
116 698
116 703
116 711
116 712
116 722
116 729
116 732
116 745
116 767
116 769
116 770
116 837
116 857
116 863
117 472
117 521
117 745
117 848
118 473
119 440
119 496
119 500
119 507
119 532
119 594
119 595
119 635
119 648
119 654
119 656
119 659
119 669
119 700
119 732
119 764
119 769
119 796
119 832
119 837
119 838
120 654
120 678
121 440
121 471
121 486
121 496
121 532
121 594
121 648
121 687
121 769
121 770
121 803
121 804
121 816
121 837
121 858
122 595
122 687
122 797
123 595
123 687
123 837
123 857
124 486
124 527
124 552
124 692
125 769
126 439
126 471
126 486
126 503
126 520
126 532
126 566
126 587
126 595
126 627
126 654
126 680
126 711
126 732
126 769
126 770
126 783
126 803
126 820
126 837
126 857
126 858
127 486
127 496
127 502
127 503
127 525
127 532
127 574
127 595
127 660
127 712
127 745
127 751
127 753
127 769
127 773
127 803
127 811
127 837
128 496
128 502
128 503
128 595
128 743
129 486
129 496
129 500
129 532
129 552
129 641
129 656
129 688
129 712
129 803
130 448
130 500
130 712
130 721
130 732
130 770
130 857
131 496
131 500
131 554
131 770
131 837
132 448
132 496
132 595
132 803
133 486
133 489
133 496
133 531
133 594
133 615
133 642
133 669
133 672
133 678
133 703
133 724
133 753
133 769
133 799
133 837
133 853
133 857
134 712
135 769
135 867
136 486
136 500
136 532
136 567
136 745
136 769
136 773
136 837
136 849
137 486
137 496
137 520
137 531
137 553
137 625
137 745
137 753
137 769
137 857
138 807
138 837
139 503
139 649
139 745
139 769
139 770
139 803
139 837
140 444
140 486
140 532
140 595
140 673
140 678
140 712
140 773
140 803
141 444
141 496
141 587
141 595
141 618
141 648
141 712
141 769
141 803
141 804
141 837
142 532
143 532
143 566
144 486
144 496
144 500
144 512
144 531
144 532
144 556
144 567
144 574
144 594
144 595
144 610
144 662
144 734
144 745
144 769
144 803
144 833
144 849
144 857
144 858
144 866
145 503
145 606
145 662
145 712
145 719
145 745
145 769
145 773
145 837
145 858
146 500
146 837
148 532
148 567
148 620
148 669
148 692
148 731
148 745
148 837
148 858
149 496
149 664
149 857
149 858
150 496
150 532
150 745
150 769
150 773
151 496
151 857
152 486
152 496
152 532
152 554
152 566
152 567
152 595
152 610
152 620
152 721
152 745
152 769
152 770
152 773
152 791
152 813
152 845
152 857
153 460
153 496
153 503
153 532
153 567
153 727
153 857
154 460
154 496
154 532
154 567
154 727
154 770
154 857
155 496
155 610
155 849
155 857
156 466
156 472
156 503
156 507
156 521
156 531
156 532
156 552
156 574
156 588
156 595
156 638
156 639
156 669
156 670
156 671
156 672
156 678
156 682
156 683
156 698
156 703
156 711
156 721
156 745
156 764
156 769
156 770
156 773
156 809
156 837
156 848
156 857
157 471
157 494
157 500
157 507
157 512
157 601
157 610
157 636
157 638
157 670
157 676
157 692
157 734
157 745
157 769
157 809
157 837
158 466
158 496
158 521
158 531
158 615
158 669
158 672
158 682
158 692
158 698
158 703
158 729
158 848
158 857
159 466
159 669
159 678
159 682
159 745
159 857
160 554
160 595
160 623
160 625
160 692
160 809
160 853
161 486
161 495
161 496
161 503
161 552
161 595
161 690
161 692
161 745
161 753
161 760
161 770
161 773
161 803
161 837
162 486
162 496
162 527
162 532
162 542
162 554
162 567
162 595
162 601
162 623
162 692
162 712
162 716
162 745
162 769
162 773
162 803
162 814
162 837
162 853
162 858
163 486
163 496
163 531
163 542
163 566
163 567
163 595
163 664
163 692
163 712
163 745
163 773
163 787
163 803
163 811
163 837
164 496
164 721
164 825
165 483
165 486
165 498
165 532
165 579
165 662
165 692
165 721
165 753
165 773
165 790
165 803
165 811
165 867
166 503
166 803
167 450
167 451
167 486
167 500
167 503
167 521
167 532
167 552
167 566
167 636
167 645
167 678
167 698
167 745
167 749
167 753
167 769
167 803
167 812
167 837
167 849
167 853
167 858
168 446
168 456
168 486
168 496
168 500
168 503
168 505
168 506
168 531
168 550
168 554
168 566
168 574
168 594
168 662
168 692
168 712
168 731
168 745
168 768
168 770
168 778
168 803
168 837
168 848
168 857
168 868
169 449
169 486
169 488
169 496
169 500
169 503
169 507
169 532
169 537
169 730
169 732
169 769
169 770
169 803
169 807
169 817
169 820
169 837
169 853
169 855
169 857
169 858
170 460
170 496
171 486
171 610
171 692
171 732
172 732
172 769
173 439
173 471
173 472
173 496
173 500
173 531
173 567
173 587
173 669
173 672
173 676
173 678
173 681
173 688
173 692
173 698
173 703
173 721
173 729
173 745
173 769
173 837
173 853
173 855
173 857
174 565
174 803
174 812
174 855
175 451
175 468
175 471
175 472
175 486
175 492
175 495
175 496
175 500
175 502
175 503
175 507
175 510
175 511
175 512
175 521
175 527
175 529
175 531
175 532
175 536
175 537
175 543
175 552
175 553
175 557
175 568
175 574
175 594
175 596
175 604
175 611
175 617
175 627
175 631
175 636
175 637
175 642
175 645
175 648
175 678
175 687
175 688
175 690
175 721
175 732
175 734
175 745
175 753
175 759
175 760
175 763
175 764
175 769
175 770
175 773
175 781
175 784
175 787
175 796
175 803
175 804
175 809
175 812
175 826
175 837
175 857
175 858
175 867
176 439
176 471
176 484
176 496
176 532
176 572
176 589
176 595
176 639
176 640
176 641
176 651
176 654
176 655
176 662
176 749
176 752
176 764
176 769
176 770
176 786
176 798
176 827
176 833
177 496
177 532
177 606
177 712
177 773
177 849
177 853
178 448
178 496
178 500
178 502
178 554
178 594
178 617
178 692
178 770
178 773
178 803
178 837
178 858
179 439
179 486
179 496
179 500
179 521
179 595
179 610
179 660
179 687
179 692
179 712
179 721
179 743
179 769
179 770
179 778
179 812
179 837
179 857
179 858
180 531
180 532
180 595
180 620
180 625
180 770
182 468
182 471
182 712
182 773
183 486
183 496
183 500
183 555
184 532
184 542
184 574
184 692
184 739
184 769
184 773
184 837
184 857
184 858
185 496
185 500
185 503
185 510
185 525
185 589
185 594
185 595
185 635
185 653
185 692
185 712
185 739
185 773
185 803
185 837
185 857
186 486
186 595
186 743
186 837
186 857
187 486
187 503
187 531
187 595
187 743
187 849
187 857
188 500
188 711
188 842
189 462
189 469
189 486
189 503
189 554
189 610
189 692
189 711
189 731
189 769
189 770
189 774
189 817
189 827
189 837
189 858
190 451
190 466
190 469
190 471
190 486
190 500
190 502
190 513
190 520
190 525
190 531
190 532
190 537
190 559
190 588
190 589
190 595
190 638
190 662
190 689
190 709
190 712
190 734
190 745
190 751
190 753
190 759
190 770
190 778
190 809
190 811
190 812
190 837
191 471
191 478
191 486
191 496
191 500
191 513
191 532
191 566
191 589
191 594
191 595
191 648
191 690
191 712
191 745
191 759
191 760
191 764
191 770
191 773
191 803
191 837
191 857
192 466
192 475
192 486
192 496
192 500
192 512
192 532
192 554
192 565
192 594
192 595
192 648
192 669
192 672
192 678
192 680
192 703
192 722
192 735
192 769
192 773
192 803
192 827
192 837
192 855
193 484
193 486
193 496
193 503
193 532
193 649
193 712
193 770
193 803
193 837
193 858
194 460
194 471
194 486
194 496
194 502
194 510
194 532
194 553
194 588
194 595
194 637
194 662
194 676
194 677
194 678
194 726
194 764
194 803
194 837
195 468
195 490
195 500
195 502
195 503
195 594
195 660
195 721
195 751
195 770
195 837
195 857
196 496
196 557
197 462
197 471
197 484
197 496
197 500
197 532
197 554
197 555
197 566
197 610
197 628
197 632
197 648
197 671
197 690
197 760
197 764
197 766
197 769
197 803
197 837
197 857
198 595
198 662
198 690
198 745
198 852
198 857
199 486
199 595
199 745
199 769
200 475
200 486
200 525
200 594
200 595
200 637
200 692
200 745
200 769
200 770
200 803
200 837
200 849
200 858
201 460
201 486
201 496
201 500
201 503
201 532
201 557
201 587
201 592
201 594
201 595
201 601
201 610
201 641
201 654
201 691
201 692
201 697
201 700
201 712
201 745
201 749
201 759
201 769
201 770
201 773
201 803
201 812
201 837
201 855
201 857
202 486
202 496
202 521
202 692
202 743
203 486
203 496
203 692
204 466
204 486
204 496
204 532
204 618
204 692
204 760
204 769
204 803
204 809
205 440
205 444
205 466
205 486
205 496
205 503
205 518
205 532
205 552
205 566
205 569
205 595
205 611
205 662
205 671
205 678
205 692
205 759
205 760
205 769
205 770
205 773
205 803
205 812
205 817
205 837
206 444
206 451
206 486
206 496
206 512
206 540
206 687
206 720
206 753
206 761
206 809
206 837
206 858
207 496
207 532
207 654
207 698
208 503
208 678
208 745
208 803
209 485
209 486
209 496
209 770
209 803
209 837
209 858
210 594
211 496
212 496
212 745
213 466
213 471
213 472
213 486
213 500
213 521
213 532
213 568
213 594
213 595
213 597
213 598
213 636
213 641
213 648
213 692
213 712
213 721
213 727
213 745
213 752
213 770
213 773
213 803
213 816
213 817
213 833
213 837
214 460
214 471
214 486
214 503
214 512
214 536
214 548
214 552
214 558
214 594
214 607
214 637
214 648
214 687
214 692
214 721
214 745
214 753
214 822
214 867
215 448
215 496
215 500
215 658
215 678
215 692
215 712
215 721
215 727
215 749
215 817
215 857
216 496
216 500
216 502
216 658
216 692
216 712
216 727
216 817
217 448
217 483
217 494
217 496
217 500
217 552
217 574
217 641
217 692
217 727
217 745
217 752
217 773
217 803
217 837
217 857
218 654
218 773
219 496
219 745
219 769
220 496
220 532
220 544
220 692
220 721
220 769
220 773
220 837
221 486
221 692
222 577
222 745
223 471
223 486
223 502
223 532
223 594
223 595
223 606
223 769
223 857
224 486
224 496
224 500
224 594
224 595
224 606
224 770
225 496
225 503
225 532
225 595
225 606
225 650
226 496
226 594
226 606
228 486
228 500
228 510
228 531
228 587
228 595
228 618
228 687
228 692
228 693
228 770
228 798
228 803
228 837
228 855
229 458
229 496
229 503
229 532
229 574
229 648
229 662
229 837
230 471
230 500
230 610
231 770
232 486
232 770
233 500
233 503
233 752
233 770
233 803
233 809
233 849
234 496
234 610
234 676
234 745
234 778
235 462
235 486
235 524
235 531
235 537
235 541
235 566
235 595
235 648
235 665
235 690
235 692
235 712
235 727
235 732
235 745
235 770
235 803
235 804
235 837
235 853
235 858
236 486
236 837
237 496
237 532
237 594
237 803
237 837
237 855
238 500
238 595
238 719
238 769
238 770
238 803
238 812
238 837
239 471
239 500
239 532
239 595
239 602
239 676
239 803
239 812
239 857
240 532
241 486
242 486
243 823
244 486
244 823
245 732
246 745
246 769
247 448
247 496
247 658
247 711
247 792
248 610
249 485
249 496
249 500
249 711
249 722
249 745
249 769
249 837
250 444
250 471
250 486
250 532
250 574
250 595
250 622
250 712
250 807
250 858
251 595
251 753
251 769
251 837
251 858
252 448
252 471
253 448
253 486
253 496
253 500
253 532
253 594
253 773
253 803
254 496
254 532
254 594
254 745
254 837
254 858
255 486
255 532
255 589
255 595
255 713
255 745
255 769
255 770
255 773
255 827
255 832
255 837
255 857
255 867
256 466
256 486
256 500
256 595
256 618
256 692
256 712
256 753
256 770
256 858
257 448
257 531
257 532
257 796
257 837
258 500
258 532
258 578
258 587
258 712
258 764
258 803
259 471
259 486
259 496
259 500
259 711
259 712
259 769
260 486
260 587
260 637
260 837
261 486
261 496
261 500
261 532
261 574
261 610
261 614
261 692
261 769
261 803
261 837
261 849
262 496
262 712
262 743
262 745
262 760
262 778
262 858
263 678
263 773
264 486
264 496
264 798
264 858
265 448
265 466
265 471
265 486
265 503
265 510
265 516
265 521
265 524
265 531
265 532
265 589
265 594
265 595
265 608
265 622
265 627
265 645
265 650
265 660
265 662
265 669
265 678
265 688
265 692
265 712
265 732
265 745
265 753
265 759
265 764
265 769
265 787
265 803
265 837
265 857
265 858
266 440
266 486
266 500
266 678
266 712
266 745
266 773
266 778
266 833
266 849
267 448
267 486
267 496
267 500
267 557
267 566
267 649
267 662
267 692
267 712
267 732
267 745
267 803
267 833
268 496
268 532
269 803
269 857
270 496
270 532
270 660
270 676
270 692
270 753
271 503
271 532
271 595
271 606
272 486
272 610
272 697
272 712
272 769
272 838
273 496
273 500
273 502
273 594
273 712
273 837
273 857
274 471
274 496
274 500
274 521
274 595
274 618
274 652
274 678
274 687
274 692
274 764
274 770
274 837
275 532
276 486
276 496
276 566
276 595
276 618
276 787
276 803
276 837
276 845
277 496
277 500
277 581
277 595
277 618
277 705
277 764
277 770
277 773
277 787
277 858
278 745
278 769
278 837
279 770
279 857
280 486
280 496
280 532
280 554
280 574
280 631
280 689
280 690
280 753
280 759
280 769
280 837
280 857
281 745
282 521
282 858
283 496
283 500
283 594
283 697
283 733
283 769
283 812
283 837
284 481
284 486
284 496
284 531
284 532
284 595
284 690
284 745
284 769
284 803
284 817
284 837
285 512
285 687
286 496
286 743
287 486
287 503
287 595
287 660
287 692
287 710
287 770
287 855
287 858
288 500
288 532
288 769
288 803
289 521
289 602
289 610
289 692
290 486
290 496
290 558
290 595
291 486
291 500
291 565
291 769
291 803
291 837
291 857
292 486
292 532
292 595
292 692
292 693
292 773
292 814
293 496
293 833
293 857
294 486
294 753
294 858
295 532
295 595
295 769
296 496
296 554
296 557
296 595
297 486
297 500
297 503
297 531
297 566
297 595
297 613
297 622
297 636
297 676
297 732
297 858
298 440
298 486
298 858
299 486
299 496
299 500
299 502
299 503
299 532
299 552
299 574
299 581
299 594
299 712
299 745
299 751
299 769
299 770
299 803
299 837
299 857
299 858
300 594
300 711
300 798
301 837
302 496
302 770
303 496
304 496
304 722
304 770
305 486
305 496
305 566
305 594
305 595
305 618
305 690
305 692
305 769
305 803
305 809
305 816
305 837
305 857
306 500
307 466
307 496
307 503
307 574
307 595
307 676
307 678
307 690
307 721
307 733
307 745
307 759
307 764
307 768
307 769
307 770
308 493
308 496
308 500
308 503
308 508
308 557
308 595
309 496
309 500
309 712
310 500
310 769
310 798
310 857
311 496
311 532
311 557
311 803
311 857
312 444
312 697
313 489
314 531
314 595
314 837
314 848
315 496
315 532
316 486
316 532
316 676
316 692
316 732
316 764
316 770
317 532
318 769
318 803
318 837
319 486
319 500
319 532
320 471
320 532
320 692
320 769
320 853
320 857
321 486
321 532
321 595
321 769
321 837
321 858
322 486
323 486
323 712
323 745
323 803
324 496
324 502
324 506
324 523
324 552
324 588
324 594
324 595
324 654
324 711
324 770
324 773
324 803
324 812
324 813
324 833
324 858
325 471
325 500
325 798
325 803
325 837
325 857
326 484
326 486
326 500
326 532
326 595
326 610
326 660
326 745
326 753
326 769
326 770
326 812
326 857
327 486
327 692
327 770
327 823
328 732
329 471
329 496
330 500
330 803
331 439
331 496
331 594
332 791
333 486
334 471
334 486
334 495
334 496
334 500
334 532
334 574
334 636
334 745
334 769
334 803
335 595
335 745
336 496
336 566
337 486
337 496
337 512
337 532
337 687
337 690
337 692
337 770
337 816
337 837
337 858
338 712
338 745
339 486
339 837
340 500
340 692
340 837
341 547
341 692
342 500
343 837
344 770
344 837
345 770
345 837
346 496
346 692
347 678
347 837
348 496
348 532
348 798
348 858
349 489
349 496
349 628
349 676
349 697
349 704
350 496
350 692
350 803
351 486
351 581
351 595
351 700
352 486
352 837
353 496
353 500
353 837
354 496
354 532
354 594
355 712
355 769
356 496
356 610
356 710
356 769
357 486
357 496
357 574
357 595
357 745
357 837
357 857
358 566
358 574
358 636
358 781
358 837
358 858
359 532
359 837
360 502
360 692
360 837
361 692
362 532
362 803
362 837
363 471
363 500
364 764
365 566
365 692
365 798
365 855
366 849
367 496
367 837
368 471
368 486
368 496
368 500
368 518
368 532
368 539
368 594
368 660
368 803
368 858
369 496
369 500
369 532
369 595
369 654
369 837
370 486
370 574
371 595
372 496
373 496
373 524
373 745
374 595
374 692
374 721
375 857
376 734
376 769
376 803
376 812
376 816
377 496
377 502
378 496
378 798
378 803
378 837
379 496
379 595
379 837
380 486
380 496
380 532
380 837
380 849
381 486
381 500
382 486
382 690
382 770
383 692
383 770
383 773
383 837
384 595
384 637
384 712
385 486
385 496
385 595
385 669
385 692
385 745
386 849
386 851
387 503
387 532
387 769
387 837
389 466
389 719
390 773
390 803
391 496
391 552
392 769
393 594
393 669
394 496
394 647
394 743
395 769
395 796
396 496
396 651
396 770
398 486
398 516
398 595
398 837
399 532
399 837
400 445
400 486
400 496
400 500
400 532
400 651
400 745
400 754
400 778
400 803
400 809
400 837
400 865
401 466
401 770
402 496
402 500
402 594
402 692
402 712
402 837
402 857
403 496
404 486
404 496
404 500
404 532
404 594
404 595
404 692
404 712
404 837
405 486
405 537
405 853
406 486
406 496
406 500
406 532
406 594
406 595
406 692
406 712
406 837
406 857
407 594
407 770
407 773
407 858
408 471
408 594
409 500
410 853
411 574
411 594
411 692
412 486
412 500
412 532
412 557
412 733
412 770
412 812
412 837
413 804
415 454
415 471
415 486
415 552
415 556
415 606
415 637
415 648
415 650
415 662
415 669
415 712
415 715
415 745
415 759
415 765
415 769
415 770
415 824
415 833
415 837
415 857
415 858
416 486
416 512
416 531
416 594
416 595
416 628
416 753
417 486
417 531
417 594
417 753
418 472
418 589
418 698
418 745
418 848
419 448
419 496
420 496
420 500
420 532
420 552
420 645
420 654
420 670
420 671
420 680
420 734
420 745
420 837
420 858
421 481
421 531
421 594
421 615
421 672
421 682
421 692
421 703
421 729
421 745
422 594
422 678
422 682
422 745
423 496
423 594
423 595
423 857
424 472
424 475
424 481
424 532
424 592
424 664
424 692
424 751
424 803
424 837
424 858
425 486
425 512
425 531
425 594
425 628
425 692
425 753
425 837
426 496
426 504
427 448
428 537
429 496
429 803
429 837
430 687
430 823
432 532
433 486
433 496
433 507
433 532
433 554
433 574
433 595
433 692
433 711
433 773
433 857
433 858
434 448
434 456
434 471
434 496
434 500
434 568
434 637
434 638
434 712
434 745
434 764
434 770
435 471
435 486
435 512
435 692
435 721
435 796
435 804
435 848
435 857
435 858
436 532
436 837
436 858
